 nx, ny =         400         400
 cfl    =  0.50000000000000000     
 Flux type is lw                                      
 Reconstruction type is minmod                                  
 LeVeque Method type is method1                                 
 Setting initial condition
 Time step =   8.9999999999999998E-004
     1    0.000900
     2    0.001800
     3    0.002700
     4    0.003600
     5    0.004500
     6    0.005400
     7    0.006300
     8    0.007200
     9    0.008100
    10    0.009000
    11    0.009900
    12    0.010800
    13    0.011700
    14    0.012600
    15    0.013500
    16    0.014400
    17    0.015300
    18    0.016200
    19    0.017100
    20    0.018000
    21    0.018900
    22    0.019800
    23    0.020700
    24    0.021600
    25    0.022500
    26    0.023400
    27    0.024300
    28    0.025200
    29    0.026100
    30    0.027000
    31    0.027900
    32    0.028800
    33    0.029700
    34    0.030600
    35    0.031500
    36    0.032400
    37    0.033300
    38    0.034200
    39    0.035100
    40    0.036000
    41    0.036900
    42    0.037800
    43    0.038700
    44    0.039600
    45    0.040500
    46    0.041400
    47    0.042300
    48    0.043200
    49    0.044100
    50    0.045000
    51    0.045900
    52    0.046800
    53    0.047700
    54    0.048600
    55    0.049500
    56    0.050400
    57    0.051300
    58    0.052200
    59    0.053100
    60    0.054000
    61    0.054900
    62    0.055800
    63    0.056700
    64    0.057600
    65    0.058500
    66    0.059400
    67    0.060300
    68    0.061200
    69    0.062100
    70    0.063000
    71    0.063900
    72    0.064800
    73    0.065700
    74    0.066600
    75    0.067500
    76    0.068400
    77    0.069300
    78    0.070200
    79    0.071100
    80    0.072000
    81    0.072900
    82    0.073800
    83    0.074700
    84    0.075600
    85    0.076500
    86    0.077400
    87    0.078300
    88    0.079200
    89    0.080100
    90    0.081000
    91    0.081900
    92    0.082800
    93    0.083700
    94    0.084600
    95    0.085500
    96    0.086400
    97    0.087300
    98    0.088200
    99    0.089100
   100    0.090000
   101    0.090900
   102    0.091800
   103    0.092700
   104    0.093600
   105    0.094500
   106    0.095400
   107    0.096300
   108    0.097200
   109    0.098100
   110    0.099000
   111    0.099900
   112    0.100800
   113    0.101700
   114    0.102600
   115    0.103500
   116    0.104400
   117    0.105300
   118    0.106200
   119    0.107100
   120    0.108000
   121    0.108900
   122    0.109800
   123    0.110700
   124    0.111600
   125    0.112500
   126    0.113400
   127    0.114300
   128    0.115200
   129    0.116100
   130    0.117000
   131    0.117900
   132    0.118800
   133    0.119700
   134    0.120600
   135    0.121500
   136    0.122400
   137    0.123300
   138    0.124200
   139    0.125100
   140    0.126000
   141    0.126900
   142    0.127800
   143    0.128700
   144    0.129600
   145    0.130500
   146    0.131400
   147    0.132300
   148    0.133200
   149    0.134100
   150    0.135000
   151    0.135900
   152    0.136800
   153    0.137700
   154    0.138600
   155    0.139500
   156    0.140400
   157    0.141300
   158    0.142200
   159    0.143100
   160    0.144000
   161    0.144900
   162    0.145800
   163    0.146700
   164    0.147600
   165    0.148500
   166    0.149400
   167    0.150300
   168    0.151200
   169    0.152100
   170    0.153000
   171    0.153900
   172    0.154800
   173    0.155700
   174    0.156600
   175    0.157500
   176    0.158400
   177    0.159300
   178    0.160200
   179    0.161100
   180    0.162000
   181    0.162900
   182    0.163800
   183    0.164700
   184    0.165600
   185    0.166500
   186    0.167400
   187    0.168300
   188    0.169200
   189    0.170100
   190    0.171000
   191    0.171900
   192    0.172800
   193    0.173700
   194    0.174600
   195    0.175500
   196    0.176400
   197    0.177300
   198    0.178200
   199    0.179100
   200    0.180000
   201    0.180900
   202    0.181800
   203    0.182700
   204    0.183600
   205    0.184500
   206    0.185400
   207    0.186300
   208    0.187200
   209    0.188100
   210    0.189000
   211    0.189900
   212    0.190800
   213    0.191700
   214    0.192600
   215    0.193500
   216    0.194400
   217    0.195300
   218    0.196200
   219    0.197100
   220    0.198000
   221    0.198900
   222    0.199800
   223    0.200700
   224    0.201600
   225    0.202500
   226    0.203400
   227    0.204300
   228    0.205200
   229    0.206100
   230    0.207000
   231    0.207900
   232    0.208800
   233    0.209700
   234    0.210600
   235    0.211500
   236    0.212400
   237    0.213300
   238    0.214200
   239    0.215100
   240    0.216000
   241    0.216900
   242    0.217800
   243    0.218700
   244    0.219600
   245    0.220500
   246    0.221400
   247    0.222300
   248    0.223200
   249    0.224100
   250    0.225000
   251    0.225900
   252    0.226800
   253    0.227700
   254    0.228600
   255    0.229500
   256    0.230400
   257    0.231300
   258    0.232200
   259    0.233100
   260    0.234000
   261    0.234900
   262    0.235800
   263    0.236700
   264    0.237600
   265    0.238500
   266    0.239400
   267    0.240300
   268    0.241200
   269    0.242100
   270    0.243000
   271    0.243900
   272    0.244800
   273    0.245700
   274    0.246600
   275    0.247500
   276    0.248400
   277    0.249300
   278    0.250200
   279    0.251100
   280    0.252000
   281    0.252900
   282    0.253800
   283    0.254700
   284    0.255600
   285    0.256500
   286    0.257400
   287    0.258300
   288    0.259200
   289    0.260100
   290    0.261000
   291    0.261900
   292    0.262800
   293    0.263700
   294    0.264600
   295    0.265500
   296    0.266400
   297    0.267300
   298    0.268200
   299    0.269100
   300    0.270000
   301    0.270900
   302    0.271800
   303    0.272700
   304    0.273600
   305    0.274500
   306    0.275400
   307    0.276300
   308    0.277200
   309    0.278100
   310    0.279000
   311    0.279900
   312    0.280800
   313    0.281700
   314    0.282600
   315    0.283500
   316    0.284400
   317    0.285300
   318    0.286200
   319    0.287100
   320    0.288000
   321    0.288900
   322    0.289800
   323    0.290700
   324    0.291600
   325    0.292500
   326    0.293400
   327    0.294300
   328    0.295200
   329    0.296100
   330    0.297000
   331    0.297900
   332    0.298800
   333    0.299700
   334    0.300600
   335    0.301500
   336    0.302400
   337    0.303300
   338    0.304200
   339    0.305100
   340    0.306000
   341    0.306900
   342    0.307800
   343    0.308700
   344    0.309600
   345    0.310500
   346    0.311400
   347    0.312300
   348    0.313200
   349    0.314100
   350    0.315000
   351    0.315900
   352    0.316800
   353    0.317700
   354    0.318600
   355    0.319500
   356    0.320400
   357    0.321300
   358    0.322200
   359    0.323100
   360    0.324000
   361    0.324900
   362    0.325800
   363    0.326700
   364    0.327600
   365    0.328500
   366    0.329400
   367    0.330300
   368    0.331200
   369    0.332100
   370    0.333000
   371    0.333900
   372    0.334800
   373    0.335700
   374    0.336600
   375    0.337500
   376    0.338400
   377    0.339300
   378    0.340200
   379    0.341100
   380    0.342000
   381    0.342900
   382    0.343800
   383    0.344700
   384    0.345600
   385    0.346500
   386    0.347400
   387    0.348300
   388    0.349200
   389    0.350100
   390    0.351000
   391    0.351900
   392    0.352800
   393    0.353700
   394    0.354600
   395    0.355500
   396    0.356400
   397    0.357300
   398    0.358200
   399    0.359100
   400    0.360000
   401    0.360900
   402    0.361800
   403    0.362700
   404    0.363600
   405    0.364500
   406    0.365400
   407    0.366300
   408    0.367200
   409    0.368100
   410    0.369000
   411    0.369900
   412    0.370800
   413    0.371700
   414    0.372600
   415    0.373500
   416    0.374400
   417    0.375300
   418    0.376200
   419    0.377100
   420    0.378000
   421    0.378900
   422    0.379800
   423    0.380700
   424    0.381600
   425    0.382500
   426    0.383400
   427    0.384300
   428    0.385200
   429    0.386100
   430    0.387000
   431    0.387900
   432    0.388800
   433    0.389700
   434    0.390600
   435    0.391500
   436    0.392400
   437    0.393300
   438    0.394200
   439    0.395100
   440    0.396000
   441    0.396900
   442    0.397800
   443    0.398700
   444    0.399600
   445    0.400500
   446    0.401400
   447    0.402300
   448    0.403200
   449    0.404100
   450    0.405000
   451    0.405900
   452    0.406800
   453    0.407700
   454    0.408600
   455    0.409500
   456    0.410400
   457    0.411300
   458    0.412200
   459    0.413100
   460    0.414000
   461    0.414900
   462    0.415800
   463    0.416700
   464    0.417600
   465    0.418500
   466    0.419400
   467    0.420300
   468    0.421200
   469    0.422100
   470    0.423000
   471    0.423900
   472    0.424800
   473    0.425700
   474    0.426600
   475    0.427500
   476    0.428400
   477    0.429300
   478    0.430200
   479    0.431100
   480    0.432000
   481    0.432900
   482    0.433800
   483    0.434700
   484    0.435600
   485    0.436500
   486    0.437400
   487    0.438300
   488    0.439200
   489    0.440100
   490    0.441000
   491    0.441900
   492    0.442800
   493    0.443700
   494    0.444600
   495    0.445500
   496    0.446400
   497    0.447300
   498    0.448200
   499    0.449100
   500    0.450000
   501    0.450900
   502    0.451800
   503    0.452700
   504    0.453600
   505    0.454500
   506    0.455400
   507    0.456300
   508    0.457200
   509    0.458100
   510    0.459000
   511    0.459900
   512    0.460800
   513    0.461700
   514    0.462600
   515    0.463500
   516    0.464400
   517    0.465300
   518    0.466200
   519    0.467100
   520    0.468000
   521    0.468900
   522    0.469800
   523    0.470700
   524    0.471600
   525    0.472500
   526    0.473400
   527    0.474300
   528    0.475200
   529    0.476100
   530    0.477000
   531    0.477900
   532    0.478800
   533    0.479700
   534    0.480600
   535    0.481500
   536    0.482400
   537    0.483300
   538    0.484200
   539    0.485100
   540    0.486000
   541    0.486900
   542    0.487800
   543    0.488700
   544    0.489600
   545    0.490500
   546    0.491400
   547    0.492300
   548    0.493200
   549    0.494100
   550    0.495000
   551    0.495900
   552    0.496800
   553    0.497700
   554    0.498600
   555    0.499500
   556    0.500400
   557    0.501300
   558    0.502200
   559    0.503100
   560    0.504000
   561    0.504900
   562    0.505800
   563    0.506700
   564    0.507600
   565    0.508500
   566    0.509400
   567    0.510300
   568    0.511200
   569    0.512100
   570    0.513000
   571    0.513900
   572    0.514800
   573    0.515700
   574    0.516600
   575    0.517500
   576    0.518400
   577    0.519300
   578    0.520200
   579    0.521100
   580    0.522000
   581    0.522900
   582    0.523800
   583    0.524700
   584    0.525600
   585    0.526500
   586    0.527400
   587    0.528300
   588    0.529200
   589    0.530100
   590    0.531000
   591    0.531900
   592    0.532800
   593    0.533700
   594    0.534600
   595    0.535500
   596    0.536400
   597    0.537300
   598    0.538200
   599    0.539100
   600    0.540000
   601    0.540900
   602    0.541800
   603    0.542700
   604    0.543600
   605    0.544500
   606    0.545400
   607    0.546300
   608    0.547200
   609    0.548100
   610    0.549000
   611    0.549900
   612    0.550800
   613    0.551700
   614    0.552600
   615    0.553500
   616    0.554400
   617    0.555300
   618    0.556200
   619    0.557100
   620    0.558000
   621    0.558900
   622    0.559800
   623    0.560700
   624    0.561600
   625    0.562500
   626    0.563400
   627    0.564300
   628    0.565200
   629    0.566100
   630    0.567000
   631    0.567900
   632    0.568800
   633    0.569700
   634    0.570600
   635    0.571500
   636    0.572400
   637    0.573300
   638    0.574200
   639    0.575100
   640    0.576000
   641    0.576900
   642    0.577800
   643    0.578700
   644    0.579600
   645    0.580500
   646    0.581400
   647    0.582300
   648    0.583200
   649    0.584100
   650    0.585000
   651    0.585900
   652    0.586800
   653    0.587700
   654    0.588600
   655    0.589500
   656    0.590400
   657    0.591300
   658    0.592200
   659    0.593100
   660    0.594000
   661    0.594900
   662    0.595800
   663    0.596700
   664    0.597600
   665    0.598500
   666    0.599400
   667    0.600300
   668    0.601200
   669    0.602100
   670    0.603000
   671    0.603900
   672    0.604800
   673    0.605700
   674    0.606600
   675    0.607500
   676    0.608400
   677    0.609300
   678    0.610200
   679    0.611100
   680    0.612000
   681    0.612900
   682    0.613800
   683    0.614700
   684    0.615600
   685    0.616500
   686    0.617400
   687    0.618300
   688    0.619200
   689    0.620100
   690    0.621000
   691    0.621900
   692    0.622800
   693    0.623700
   694    0.624600
   695    0.625500
   696    0.626400
   697    0.627300
   698    0.628200
   699    0.629100
   700    0.630000
   701    0.630900
   702    0.631800
   703    0.632700
   704    0.633600
   705    0.634500
   706    0.635400
   707    0.636300
   708    0.637200
   709    0.638100
   710    0.639000
   711    0.639900
   712    0.640800
   713    0.641700
   714    0.642600
   715    0.643500
   716    0.644400
   717    0.645300
   718    0.646200
   719    0.647100
   720    0.648000
   721    0.648900
   722    0.649800
   723    0.650700
   724    0.651600
   725    0.652500
   726    0.653400
   727    0.654300
   728    0.655200
   729    0.656100
   730    0.657000
   731    0.657900
   732    0.658800
   733    0.659700
   734    0.660600
   735    0.661500
   736    0.662400
   737    0.663300
   738    0.664200
   739    0.665100
   740    0.666000
   741    0.666900
   742    0.667800
   743    0.668700
   744    0.669600
   745    0.670500
   746    0.671400
   747    0.672300
   748    0.673200
   749    0.674100
   750    0.675000
   751    0.675900
   752    0.676800
   753    0.677700
   754    0.678600
   755    0.679500
   756    0.680400
   757    0.681300
   758    0.682200
   759    0.683100
   760    0.684000
   761    0.684900
   762    0.685800
   763    0.686700
   764    0.687600
   765    0.688500
   766    0.689400
   767    0.690300
   768    0.691200
   769    0.692100
   770    0.693000
   771    0.693900
   772    0.694800
   773    0.695700
   774    0.696600
   775    0.697500
   776    0.698400
   777    0.699300
   778    0.700200
   779    0.701100
   780    0.702000
   781    0.702900
   782    0.703800
   783    0.704700
   784    0.705600
   785    0.706500
   786    0.707400
   787    0.708300
   788    0.709200
   789    0.710100
   790    0.711000
   791    0.711900
   792    0.712800
   793    0.713700
   794    0.714600
   795    0.715500
   796    0.716400
   797    0.717300
   798    0.718200
   799    0.719100
   800    0.720000
   801    0.720900
   802    0.721800
   803    0.722700
   804    0.723600
   805    0.724500
   806    0.725400
   807    0.726300
   808    0.727200
   809    0.728100
   810    0.729000
   811    0.729900
   812    0.730800
   813    0.731700
   814    0.732600
   815    0.733500
   816    0.734400
   817    0.735300
   818    0.736200
   819    0.737100
   820    0.738000
   821    0.738900
   822    0.739800
   823    0.740700
   824    0.741600
   825    0.742500
   826    0.743400
   827    0.744300
   828    0.745200
   829    0.746100
   830    0.747000
   831    0.747900
   832    0.748800
   833    0.749700
   834    0.750600
   835    0.751500
   836    0.752400
   837    0.753300
   838    0.754200
   839    0.755100
   840    0.756000
   841    0.756900
   842    0.757800
   843    0.758700
   844    0.759600
   845    0.760500
   846    0.761400
   847    0.762300
   848    0.763200
   849    0.764100
   850    0.765000
   851    0.765900
   852    0.766800
   853    0.767700
   854    0.768600
   855    0.769500
   856    0.770400
   857    0.771300
   858    0.772200
   859    0.773100
   860    0.774000
   861    0.774900
   862    0.775800
   863    0.776700
   864    0.777600
   865    0.778500
   866    0.779400
   867    0.780300
   868    0.781200
   869    0.782100
   870    0.783000
   871    0.783900
   872    0.784800
   873    0.785700
   874    0.786600
   875    0.787500
   876    0.788400
   877    0.789300
   878    0.790200
   879    0.791100
   880    0.792000
   881    0.792900
   882    0.793800
   883    0.794700
   884    0.795600
   885    0.796500
   886    0.797400
   887    0.798300
   888    0.799200
   889    0.800100
   890    0.801000
   891    0.801900
   892    0.802800
   893    0.803700
   894    0.804600
   895    0.805500
   896    0.806400
   897    0.807300
   898    0.808200
   899    0.809100
   900    0.810000
   901    0.810900
   902    0.811800
   903    0.812700
   904    0.813600
   905    0.814500
   906    0.815400
   907    0.816300
   908    0.817200
   909    0.818100
   910    0.819000
   911    0.819900
   912    0.820800
   913    0.821700
   914    0.822600
   915    0.823500
   916    0.824400
   917    0.825300
   918    0.826200
   919    0.827100
   920    0.828000
   921    0.828900
   922    0.829800
   923    0.830700
   924    0.831600
   925    0.832500
   926    0.833400
   927    0.834300
   928    0.835200
   929    0.836100
   930    0.837000
   931    0.837900
   932    0.838800
   933    0.839700
   934    0.840600
   935    0.841500
   936    0.842400
   937    0.843300
   938    0.844200
   939    0.845100
   940    0.846000
   941    0.846900
   942    0.847800
   943    0.848700
   944    0.849600
   945    0.850500
   946    0.851400
   947    0.852300
   948    0.853200
   949    0.854100
   950    0.855000
   951    0.855900
   952    0.856800
   953    0.857700
   954    0.858600
   955    0.859500
   956    0.860400
   957    0.861300
   958    0.862200
   959    0.863100
   960    0.864000
   961    0.864900
   962    0.865800
   963    0.866700
   964    0.867600
   965    0.868500
   966    0.869400
   967    0.870300
   968    0.871200
   969    0.872100
   970    0.873000
   971    0.873900
   972    0.874800
   973    0.875700
   974    0.876600
   975    0.877500
   976    0.878400
   977    0.879300
   978    0.880200
   979    0.881100
   980    0.882000
   981    0.882900
   982    0.883800
   983    0.884700
   984    0.885600
   985    0.886500
   986    0.887400
   987    0.888300
   988    0.889200
   989    0.890100
   990    0.891000
   991    0.891900
   992    0.892800
   993    0.893700
   994    0.894600
   995    0.895500
   996    0.896400
   997    0.897300
   998    0.898200
   999    0.899100
  1000    0.900000
  1001    0.900900
  1002    0.901800
  1003    0.902700
  1004    0.903600
  1005    0.904500
  1006    0.905400
  1007    0.906300
  1008    0.907200
  1009    0.908100
  1010    0.909000
  1011    0.909900
  1012    0.910800
  1013    0.911700
  1014    0.912600
  1015    0.913500
  1016    0.914400
  1017    0.915300
  1018    0.916200
  1019    0.917100
  1020    0.918000
  1021    0.918900
  1022    0.919800
  1023    0.920700
  1024    0.921600
  1025    0.922500
  1026    0.923400
  1027    0.924300
  1028    0.925200
  1029    0.926100
  1030    0.927000
  1031    0.927900
  1032    0.928800
  1033    0.929700
  1034    0.930600
  1035    0.931500
  1036    0.932400
  1037    0.933300
  1038    0.934200
  1039    0.935100
  1040    0.936000
  1041    0.936900
  1042    0.937800
  1043    0.938700
  1044    0.939600
  1045    0.940500
  1046    0.941400
  1047    0.942300
  1048    0.943200
  1049    0.944100
  1050    0.945000
  1051    0.945900
  1052    0.946800
  1053    0.947700
  1054    0.948600
  1055    0.949500
  1056    0.950400
  1057    0.951300
  1058    0.952200
  1059    0.953100
  1060    0.954000
  1061    0.954900
  1062    0.955800
  1063    0.956700
  1064    0.957600
  1065    0.958500
  1066    0.959400
  1067    0.960300
  1068    0.961200
  1069    0.962100
  1070    0.963000
  1071    0.963900
  1072    0.964800
  1073    0.965700
  1074    0.966600
  1075    0.967500
  1076    0.968400
  1077    0.969300
  1078    0.970200
  1079    0.971100
  1080    0.972000
  1081    0.972900
  1082    0.973800
  1083    0.974700
  1084    0.975600
  1085    0.976500
  1086    0.977400
  1087    0.978300
  1088    0.979200
  1089    0.980100
  1090    0.981000
  1091    0.981900
  1092    0.982800
  1093    0.983700
  1094    0.984600
  1095    0.985500
  1096    0.986400
  1097    0.987300
  1098    0.988200
  1099    0.989100
  1100    0.990000
  1101    0.990900
  1102    0.991800
  1103    0.992700
  1104    0.993600
  1105    0.994500
  1106    0.995400
  1107    0.996300
  1108    0.997200
  1109    0.998100
  1110    0.999000
  1111    0.999900
  1112    1.000800
  1113    1.001700
  1114    1.002600
  1115    1.003500
  1116    1.004400
  1117    1.005300
  1118    1.006200
  1119    1.007100
  1120    1.008000
  1121    1.008900
  1122    1.009800
  1123    1.010700
  1124    1.011600
  1125    1.012500
  1126    1.013400
  1127    1.014300
  1128    1.015200
  1129    1.016100
  1130    1.017000
  1131    1.017900
  1132    1.018800
  1133    1.019700
  1134    1.020600
  1135    1.021500
  1136    1.022400
  1137    1.023300
  1138    1.024200
  1139    1.025100
  1140    1.026000
  1141    1.026900
  1142    1.027800
  1143    1.028700
  1144    1.029600
  1145    1.030500
  1146    1.031400
  1147    1.032300
  1148    1.033200
  1149    1.034100
  1150    1.035000
  1151    1.035900
  1152    1.036800
  1153    1.037700
  1154    1.038600
  1155    1.039500
  1156    1.040400
  1157    1.041300
  1158    1.042200
  1159    1.043100
  1160    1.044000
  1161    1.044900
  1162    1.045800
  1163    1.046700
  1164    1.047600
  1165    1.048500
  1166    1.049400
  1167    1.050300
  1168    1.051200
  1169    1.052100
  1170    1.053000
  1171    1.053900
  1172    1.054800
  1173    1.055700
  1174    1.056600
  1175    1.057500
  1176    1.058400
  1177    1.059300
  1178    1.060200
  1179    1.061100
  1180    1.062000
  1181    1.062900
  1182    1.063800
  1183    1.064700
  1184    1.065600
  1185    1.066500
  1186    1.067400
  1187    1.068300
  1188    1.069200
  1189    1.070100
  1190    1.071000
  1191    1.071900
  1192    1.072800
  1193    1.073700
  1194    1.074600
  1195    1.075500
  1196    1.076400
  1197    1.077300
  1198    1.078200
  1199    1.079100
  1200    1.080000
  1201    1.080900
  1202    1.081800
  1203    1.082700
  1204    1.083600
  1205    1.084500
  1206    1.085400
  1207    1.086300
  1208    1.087200
  1209    1.088100
  1210    1.089000
  1211    1.089900
  1212    1.090800
  1213    1.091700
  1214    1.092600
  1215    1.093500
  1216    1.094400
  1217    1.095300
  1218    1.096200
  1219    1.097100
  1220    1.098000
  1221    1.098900
  1222    1.099800
  1223    1.100700
  1224    1.101600
  1225    1.102500
  1226    1.103400
  1227    1.104300
  1228    1.105200
  1229    1.106100
  1230    1.107000
  1231    1.107900
  1232    1.108800
  1233    1.109700
  1234    1.110600
  1235    1.111500
  1236    1.112400
  1237    1.113300
  1238    1.114200
  1239    1.115100
  1240    1.116000
  1241    1.116900
  1242    1.117800
  1243    1.118700
  1244    1.119600
  1245    1.120500
  1246    1.121400
  1247    1.122300
  1248    1.123200
  1249    1.124100
  1250    1.125000
  1251    1.125900
  1252    1.126800
  1253    1.127700
  1254    1.128600
  1255    1.129500
  1256    1.130400
  1257    1.131300
  1258    1.132200
  1259    1.133100
  1260    1.134000
  1261    1.134900
  1262    1.135800
  1263    1.136700
  1264    1.137600
  1265    1.138500
  1266    1.139400
  1267    1.140300
  1268    1.141200
  1269    1.142100
  1270    1.143000
  1271    1.143900
  1272    1.144800
  1273    1.145700
  1274    1.146600
  1275    1.147500
  1276    1.148400
  1277    1.149300
  1278    1.150200
  1279    1.151100
  1280    1.152000
  1281    1.152900
  1282    1.153800
  1283    1.154700
  1284    1.155600
  1285    1.156500
  1286    1.157400
  1287    1.158300
  1288    1.159200
  1289    1.160100
  1290    1.161000
  1291    1.161900
  1292    1.162800
  1293    1.163700
  1294    1.164600
  1295    1.165500
  1296    1.166400
  1297    1.167300
  1298    1.168200
  1299    1.169100
  1300    1.170000
  1301    1.170900
  1302    1.171800
  1303    1.172700
  1304    1.173600
  1305    1.174500
  1306    1.175400
  1307    1.176300
  1308    1.177200
  1309    1.178100
  1310    1.179000
  1311    1.179900
  1312    1.180800
  1313    1.181700
  1314    1.182600
  1315    1.183500
  1316    1.184400
  1317    1.185300
  1318    1.186200
  1319    1.187100
  1320    1.188000
  1321    1.188900
  1322    1.189800
  1323    1.190700
  1324    1.191600
  1325    1.192500
  1326    1.193400
  1327    1.194300
  1328    1.195200
  1329    1.196100
  1330    1.197000
  1331    1.197900
  1332    1.198800
  1333    1.199700
  1334    1.200600
  1335    1.201500
  1336    1.202400
  1337    1.203300
  1338    1.204200
  1339    1.205100
  1340    1.206000
  1341    1.206900
  1342    1.207800
  1343    1.208700
  1344    1.209600
  1345    1.210500
  1346    1.211400
  1347    1.212300
  1348    1.213200
  1349    1.214100
  1350    1.215000
  1351    1.215900
  1352    1.216800
  1353    1.217700
  1354    1.218600
  1355    1.219500
  1356    1.220400
  1357    1.221300
  1358    1.222200
  1359    1.223100
  1360    1.224000
  1361    1.224900
  1362    1.225800
  1363    1.226700
  1364    1.227600
  1365    1.228500
  1366    1.229400
  1367    1.230300
  1368    1.231200
  1369    1.232100
  1370    1.233000
  1371    1.233900
  1372    1.234800
  1373    1.235700
  1374    1.236600
  1375    1.237500
  1376    1.238400
  1377    1.239300
  1378    1.240200
  1379    1.241100
  1380    1.242000
  1381    1.242900
  1382    1.243800
  1383    1.244700
  1384    1.245600
  1385    1.246500
  1386    1.247400
  1387    1.248300
  1388    1.249200
  1389    1.250100
  1390    1.251000
  1391    1.251900
  1392    1.252800
  1393    1.253700
  1394    1.254600
  1395    1.255500
  1396    1.256400
  1397    1.257300
  1398    1.258200
  1399    1.259100
  1400    1.260000
  1401    1.260900
  1402    1.261800
  1403    1.262700
  1404    1.263600
  1405    1.264500
  1406    1.265400
  1407    1.266300
  1408    1.267200
  1409    1.268100
  1410    1.269000
  1411    1.269900
  1412    1.270800
  1413    1.271700
  1414    1.272600
  1415    1.273500
  1416    1.274400
  1417    1.275300
  1418    1.276200
  1419    1.277100
  1420    1.278000
  1421    1.278900
  1422    1.279800
  1423    1.280700
  1424    1.281600
  1425    1.282500
  1426    1.283400
  1427    1.284300
  1428    1.285200
  1429    1.286100
  1430    1.287000
  1431    1.287900
  1432    1.288800
  1433    1.289700
  1434    1.290600
  1435    1.291500
  1436    1.292400
  1437    1.293300
  1438    1.294200
  1439    1.295100
  1440    1.296000
  1441    1.296900
  1442    1.297800
  1443    1.298700
  1444    1.299600
  1445    1.300500
  1446    1.301400
  1447    1.302300
  1448    1.303200
  1449    1.304100
  1450    1.305000
  1451    1.305900
  1452    1.306800
  1453    1.307700
  1454    1.308600
  1455    1.309500
  1456    1.310400
  1457    1.311300
  1458    1.312200
  1459    1.313100
  1460    1.314000
  1461    1.314900
  1462    1.315800
  1463    1.316700
  1464    1.317600
  1465    1.318500
  1466    1.319400
  1467    1.320300
  1468    1.321200
  1469    1.322100
  1470    1.323000
  1471    1.323900
  1472    1.324800
  1473    1.325700
  1474    1.326600
  1475    1.327500
  1476    1.328400
  1477    1.329300
  1478    1.330200
  1479    1.331100
  1480    1.332000
  1481    1.332900
  1482    1.333800
  1483    1.334700
  1484    1.335600
  1485    1.336500
  1486    1.337400
  1487    1.338300
  1488    1.339200
  1489    1.340100
  1490    1.341000
  1491    1.341900
  1492    1.342800
  1493    1.343700
  1494    1.344600
  1495    1.345500
  1496    1.346400
  1497    1.347300
  1498    1.348200
  1499    1.349100
  1500    1.350000
  1501    1.350900
  1502    1.351800
  1503    1.352700
  1504    1.353600
  1505    1.354500
  1506    1.355400
  1507    1.356300
  1508    1.357200
  1509    1.358100
  1510    1.359000
  1511    1.359900
  1512    1.360800
  1513    1.361700
  1514    1.362600
  1515    1.363500
  1516    1.364400
  1517    1.365300
  1518    1.366200
  1519    1.367100
  1520    1.368000
  1521    1.368900
  1522    1.369800
  1523    1.370700
  1524    1.371600
  1525    1.372500
  1526    1.373400
  1527    1.374300
  1528    1.375200
  1529    1.376100
  1530    1.377000
  1531    1.377900
  1532    1.378800
  1533    1.379700
  1534    1.380600
  1535    1.381500
  1536    1.382400
  1537    1.383300
  1538    1.384200
  1539    1.385100
  1540    1.386000
  1541    1.386900
  1542    1.387800
  1543    1.388700
  1544    1.389600
  1545    1.390500
  1546    1.391400
  1547    1.392300
  1548    1.393200
  1549    1.394100
  1550    1.395000
  1551    1.395900
  1552    1.396800
  1553    1.397700
  1554    1.398600
  1555    1.399500
  1556    1.400400
  1557    1.401300
  1558    1.402200
  1559    1.403100
  1560    1.404000
  1561    1.404900
  1562    1.405800
  1563    1.406700
  1564    1.407600
  1565    1.408500
  1566    1.409400
  1567    1.410300
  1568    1.411200
  1569    1.412100
  1570    1.413000
  1571    1.413900
  1572    1.414800
  1573    1.415700
  1574    1.416600
  1575    1.417500
  1576    1.418400
  1577    1.419300
  1578    1.420200
  1579    1.421100
  1580    1.422000
  1581    1.422900
  1582    1.423800
  1583    1.424700
  1584    1.425600
  1585    1.426500
  1586    1.427400
  1587    1.428300
  1588    1.429200
  1589    1.430100
  1590    1.431000
  1591    1.431900
  1592    1.432800
  1593    1.433700
  1594    1.434600
  1595    1.435500
  1596    1.436400
  1597    1.437300
  1598    1.438200
  1599    1.439100
  1600    1.440000
  1601    1.440900
  1602    1.441800
  1603    1.442700
  1604    1.443600
  1605    1.444500
  1606    1.445400
  1607    1.446300
  1608    1.447200
  1609    1.448100
  1610    1.449000
  1611    1.449900
  1612    1.450800
  1613    1.451700
  1614    1.452600
  1615    1.453500
  1616    1.454400
  1617    1.455300
  1618    1.456200
  1619    1.457100
  1620    1.458000
  1621    1.458900
  1622    1.459800
  1623    1.460700
  1624    1.461600
  1625    1.462500
  1626    1.463400
  1627    1.464300
  1628    1.465200
  1629    1.466100
  1630    1.467000
  1631    1.467900
  1632    1.468800
  1633    1.469700
  1634    1.470600
  1635    1.471500
  1636    1.472400
  1637    1.473300
  1638    1.474200
  1639    1.475100
  1640    1.476000
  1641    1.476900
  1642    1.477800
  1643    1.478700
  1644    1.479600
  1645    1.480500
  1646    1.481400
  1647    1.482300
  1648    1.483200
  1649    1.484100
  1650    1.485000
  1651    1.485900
  1652    1.486800
  1653    1.487700
  1654    1.488600
  1655    1.489500
  1656    1.490400
  1657    1.491300
  1658    1.492200
  1659    1.493100
  1660    1.494000
  1661    1.494900
  1662    1.495800
  1663    1.496700
  1664    1.497600
  1665    1.498500
  1666    1.499400
  1667    1.500300
  1668    1.501200
  1669    1.502100
  1670    1.503000
  1671    1.503900
  1672    1.504800
  1673    1.505700
  1674    1.506600
  1675    1.507500
  1676    1.508400
  1677    1.509300
  1678    1.510200
  1679    1.511100
  1680    1.512000
  1681    1.512900
  1682    1.513800
  1683    1.514700
  1684    1.515600
  1685    1.516500
  1686    1.517400
  1687    1.518300
  1688    1.519200
  1689    1.520100
  1690    1.521000
  1691    1.521900
  1692    1.522800
  1693    1.523700
  1694    1.524600
  1695    1.525500
  1696    1.526400
  1697    1.527300
  1698    1.528200
  1699    1.529100
  1700    1.530000
  1701    1.530900
  1702    1.531800
  1703    1.532700
  1704    1.533600
  1705    1.534500
  1706    1.535400
  1707    1.536300
  1708    1.537200
  1709    1.538100
  1710    1.539000
  1711    1.539900
  1712    1.540800
  1713    1.541700
  1714    1.542600
  1715    1.543500
  1716    1.544400
  1717    1.545300
  1718    1.546200
  1719    1.547100
  1720    1.548000
  1721    1.548900
  1722    1.549800
  1723    1.550700
  1724    1.551600
  1725    1.552500
  1726    1.553400
  1727    1.554300
  1728    1.555200
  1729    1.556100
  1730    1.557000
  1731    1.557900
  1732    1.558800
  1733    1.559700
  1734    1.560600
  1735    1.561500
  1736    1.562400
  1737    1.563300
  1738    1.564200
  1739    1.565100
  1740    1.566000
  1741    1.566900
  1742    1.567800
  1743    1.568700
  1744    1.569600
  1745    1.570500
  1746    1.571400
  1747    1.572300
  1748    1.573200
  1749    1.574100
  1750    1.575000
  1751    1.575900
  1752    1.576800
  1753    1.577700
  1754    1.578600
  1755    1.579500
  1756    1.580400
  1757    1.581300
  1758    1.582200
  1759    1.583100
  1760    1.584000
  1761    1.584900
  1762    1.585800
  1763    1.586700
  1764    1.587600
  1765    1.588500
  1766    1.589400
  1767    1.590300
  1768    1.591200
  1769    1.592100
  1770    1.593000
  1771    1.593900
  1772    1.594800
  1773    1.595700
  1774    1.596600
  1775    1.597500
  1776    1.598400
  1777    1.599300
  1778    1.600200
  1779    1.601100
  1780    1.602000
  1781    1.602900
  1782    1.603800
  1783    1.604700
  1784    1.605600
  1785    1.606500
  1786    1.607400
  1787    1.608300
  1788    1.609200
  1789    1.610100
  1790    1.611000
  1791    1.611900
  1792    1.612800
  1793    1.613700
  1794    1.614600
  1795    1.615500
  1796    1.616400
  1797    1.617300
  1798    1.618200
  1799    1.619100
  1800    1.620000
  1801    1.620900
  1802    1.621800
  1803    1.622700
  1804    1.623600
  1805    1.624500
  1806    1.625400
  1807    1.626300
  1808    1.627200
  1809    1.628100
  1810    1.629000
  1811    1.629900
  1812    1.630800
  1813    1.631700
  1814    1.632600
  1815    1.633500
  1816    1.634400
  1817    1.635300
  1818    1.636200
  1819    1.637100
  1820    1.638000
  1821    1.638900
  1822    1.639800
  1823    1.640700
  1824    1.641600
  1825    1.642500
  1826    1.643400
  1827    1.644300
  1828    1.645200
  1829    1.646100
  1830    1.647000
  1831    1.647900
  1832    1.648800
  1833    1.649700
  1834    1.650600
  1835    1.651500
  1836    1.652400
  1837    1.653300
  1838    1.654200
  1839    1.655100
  1840    1.656000
  1841    1.656900
  1842    1.657800
  1843    1.658700
  1844    1.659600
  1845    1.660500
  1846    1.661400
  1847    1.662300
  1848    1.663200
  1849    1.664100
  1850    1.665000
  1851    1.665900
  1852    1.666800
  1853    1.667700
  1854    1.668600
  1855    1.669500
  1856    1.670400
  1857    1.671300
  1858    1.672200
  1859    1.673100
  1860    1.674000
  1861    1.674900
  1862    1.675800
  1863    1.676700
  1864    1.677600
  1865    1.678500
  1866    1.679400
  1867    1.680300
  1868    1.681200
  1869    1.682100
  1870    1.683000
  1871    1.683900
  1872    1.684800
  1873    1.685700
  1874    1.686600
  1875    1.687500
  1876    1.688400
  1877    1.689300
  1878    1.690200
  1879    1.691100
  1880    1.692000
  1881    1.692900
  1882    1.693800
  1883    1.694700
  1884    1.695600
  1885    1.696500
  1886    1.697400
  1887    1.698300
  1888    1.699200
  1889    1.700100
  1890    1.701000
  1891    1.701900
  1892    1.702800
  1893    1.703700
  1894    1.704600
  1895    1.705500
  1896    1.706400
  1897    1.707300
  1898    1.708200
  1899    1.709100
  1900    1.710000
  1901    1.710900
  1902    1.711800
  1903    1.712700
  1904    1.713600
  1905    1.714500
  1906    1.715400
  1907    1.716300
  1908    1.717200
  1909    1.718100
  1910    1.719000
  1911    1.719900
  1912    1.720800
  1913    1.721700
  1914    1.722600
  1915    1.723500
  1916    1.724400
  1917    1.725300
  1918    1.726200
  1919    1.727100
  1920    1.728000
  1921    1.728900
  1922    1.729800
  1923    1.730700
  1924    1.731600
  1925    1.732500
  1926    1.733400
  1927    1.734300
  1928    1.735200
  1929    1.736100
  1930    1.737000
  1931    1.737900
  1932    1.738800
  1933    1.739700
  1934    1.740600
  1935    1.741500
  1936    1.742400
  1937    1.743300
  1938    1.744200
  1939    1.745100
  1940    1.746000
  1941    1.746900
  1942    1.747800
  1943    1.748700
  1944    1.749600
  1945    1.750500
  1946    1.751400
  1947    1.752300
  1948    1.753200
  1949    1.754100
  1950    1.755000
  1951    1.755900
  1952    1.756800
  1953    1.757700
  1954    1.758600
  1955    1.759500
  1956    1.760400
  1957    1.761300
  1958    1.762200
  1959    1.763100
  1960    1.764000
  1961    1.764900
  1962    1.765800
  1963    1.766700
  1964    1.767600
  1965    1.768500
  1966    1.769400
  1967    1.770300
  1968    1.771200
  1969    1.772100
  1970    1.773000
  1971    1.773900
  1972    1.774800
  1973    1.775700
  1974    1.776600
  1975    1.777500
  1976    1.778400
  1977    1.779300
  1978    1.780200
  1979    1.781100
  1980    1.782000
  1981    1.782900
  1982    1.783800
  1983    1.784700
  1984    1.785600
  1985    1.786500
  1986    1.787400
  1987    1.788300
  1988    1.789200
  1989    1.790100
  1990    1.791000
  1991    1.791900
  1992    1.792800
  1993    1.793700
  1994    1.794600
  1995    1.795500
  1996    1.796400
  1997    1.797300
  1998    1.798200
  1999    1.799100
  2000    1.800000
  2001    1.800900
  2002    1.801800
  2003    1.802700
  2004    1.803600
  2005    1.804500
  2006    1.805400
  2007    1.806300
  2008    1.807200
  2009    1.808100
  2010    1.809000
  2011    1.809900
  2012    1.810800
  2013    1.811700
  2014    1.812600
  2015    1.813500
  2016    1.814400
  2017    1.815300
  2018    1.816200
  2019    1.817100
  2020    1.818000
  2021    1.818900
  2022    1.819800
  2023    1.820700
  2024    1.821600
  2025    1.822500
  2026    1.823400
  2027    1.824300
  2028    1.825200
  2029    1.826100
  2030    1.827000
  2031    1.827900
  2032    1.828800
  2033    1.829700
  2034    1.830600
  2035    1.831500
  2036    1.832400
  2037    1.833300
  2038    1.834200
  2039    1.835100
  2040    1.836000
  2041    1.836900
  2042    1.837800
  2043    1.838700
  2044    1.839600
  2045    1.840500
  2046    1.841400
  2047    1.842300
  2048    1.843200
  2049    1.844100
  2050    1.845000
  2051    1.845900
  2052    1.846800
  2053    1.847700
  2054    1.848600
  2055    1.849500
  2056    1.850400
  2057    1.851300
  2058    1.852200
  2059    1.853100
  2060    1.854000
  2061    1.854900
  2062    1.855800
  2063    1.856700
  2064    1.857600
  2065    1.858500
  2066    1.859400
  2067    1.860300
  2068    1.861200
  2069    1.862100
  2070    1.863000
  2071    1.863900
  2072    1.864800
  2073    1.865700
  2074    1.866600
  2075    1.867500
  2076    1.868400
  2077    1.869300
  2078    1.870200
  2079    1.871100
  2080    1.872000
  2081    1.872900
  2082    1.873800
  2083    1.874700
  2084    1.875600
  2085    1.876500
  2086    1.877400
  2087    1.878300
  2088    1.879200
  2089    1.880100
  2090    1.881000
  2091    1.881900
  2092    1.882800
  2093    1.883700
  2094    1.884600
  2095    1.885500
  2096    1.886400
  2097    1.887300
  2098    1.888200
  2099    1.889100
  2100    1.890000
  2101    1.890900
  2102    1.891800
  2103    1.892700
  2104    1.893600
  2105    1.894500
  2106    1.895400
  2107    1.896300
  2108    1.897200
  2109    1.898100
  2110    1.899000
  2111    1.899900
  2112    1.900800
  2113    1.901700
  2114    1.902600
  2115    1.903500
  2116    1.904400
  2117    1.905300
  2118    1.906200
  2119    1.907100
  2120    1.908000
  2121    1.908900
  2122    1.909800
  2123    1.910700
  2124    1.911600
  2125    1.912500
  2126    1.913400
  2127    1.914300
  2128    1.915200
  2129    1.916100
  2130    1.917000
  2131    1.917900
  2132    1.918800
  2133    1.919700
  2134    1.920600
  2135    1.921500
  2136    1.922400
  2137    1.923300
  2138    1.924200
  2139    1.925100
  2140    1.926000
  2141    1.926900
  2142    1.927800
  2143    1.928700
  2144    1.929600
  2145    1.930500
  2146    1.931400
  2147    1.932300
  2148    1.933200
  2149    1.934100
  2150    1.935000
  2151    1.935900
  2152    1.936800
  2153    1.937700
  2154    1.938600
  2155    1.939500
  2156    1.940400
  2157    1.941300
  2158    1.942200
  2159    1.943100
  2160    1.944000
  2161    1.944900
  2162    1.945800
  2163    1.946700
  2164    1.947600
  2165    1.948500
  2166    1.949400
  2167    1.950300
  2168    1.951200
  2169    1.952100
  2170    1.953000
  2171    1.953900
  2172    1.954800
  2173    1.955700
  2174    1.956600
  2175    1.957500
  2176    1.958400
  2177    1.959300
  2178    1.960200
  2179    1.961100
  2180    1.962000
  2181    1.962900
  2182    1.963800
  2183    1.964700
  2184    1.965600
  2185    1.966500
  2186    1.967400
  2187    1.968300
  2188    1.969200
  2189    1.970100
  2190    1.971000
  2191    1.971900
  2192    1.972800
  2193    1.973700
  2194    1.974600
  2195    1.975500
  2196    1.976400
  2197    1.977300
  2198    1.978200
  2199    1.979100
  2200    1.980000
  2201    1.980900
  2202    1.981800
  2203    1.982700
  2204    1.983600
  2205    1.984500
  2206    1.985400
  2207    1.986300
  2208    1.987200
  2209    1.988100
  2210    1.989000
  2211    1.989900
  2212    1.990800
  2213    1.991700
  2214    1.992600
  2215    1.993500
  2216    1.994400
  2217    1.995300
  2218    1.996200
  2219    1.997100
  2220    1.998000
  2221    1.998900
  2222    1.999800
  2223    2.000000
 Setting initial condition
 Error at time =   2.0000000000000000     
  nx   ny        dx            dy            l1            l2           linf
  400  400  0.500000E-02  0.500000E-02  0.186533E-01  0.208584E-01  0.386304E-01
