-0.9995 0  0
-0.9985 0  0
-0.9975 0  0
-0.9965 0  0
-0.9955 0  0
-0.9945 0  0
-0.9935 0  0
-0.9925 0  0
-0.9915 0  0
-0.9905 0  0
-0.9895 0  0
-0.9885 0  0
-0.9875 0  0
-0.9865 0  0
-0.9855 0  0
-0.9845 0  0
-0.9835 0  0
-0.9825 0  0
-0.9815 0  0
-0.9805 0  0
-0.9795 0  0
-0.9785 0  0
-0.9775 0  0
-0.9765 0  0
-0.9755 0  0
-0.9745 0  0
-0.9735 0  0
-0.9725 0  0
-0.9715 0  0
-0.9705 0  0
-0.9695 0  0
-0.9685 0  0
-0.9675 0  0
-0.9665 0  0
-0.9655 0  0
-0.9645 0  0
-0.9635 0  0
-0.9625 0  0
-0.9615 0  0
-0.9605 0  0
-0.9595 0  0
-0.9585 0  0
-0.9575 0  0
-0.9565 0  0
-0.9555 0  0
-0.9545 0  0
-0.9535 0  0
-0.9525 0  0
-0.9515 0  0
-0.9505 0  0
-0.9495 0  0
-0.9485 0  0
-0.9475 0  0
-0.9465 0  0
-0.9455 0  0
-0.9445 0  0
-0.9435 0  0
-0.9425 0  0
-0.9415 0  0
-0.9405 0  0
-0.9395 0  0
-0.9385 0  0
-0.9375 0  0
-0.9365 0  0
-0.9355 0  0
-0.9345 0  0
-0.9335 0  0
-0.9325 0  0
-0.9315 0  0
-0.9305 0  0
-0.9295 0  0
-0.9285 0  0
-0.9275 0  0
-0.9265 0  0
-0.9255 0  0
-0.9245 0  0
-0.9235 0  0
-0.9225 0  0
-0.9215 0  0
-0.9205 0  0
-0.9195 0  0
-0.9185 0  0
-0.9175 0  0
-0.9165 0  0
-0.9155 0  0
-0.9145 0  0
-0.9135 0  0
-0.9125 0  0
-0.9115 0  0
-0.9105 0  0
-0.9095 0  0
-0.9085 0  0
-0.9075 0  0
-0.9065 0  0
-0.9055 0  0
-0.9045 0  0
-0.9035 0  0
-0.9025 0  0
-0.9015 0  0
-0.9005 0  0
-0.8995 0  0
-0.8985 0  0
-0.8975 0  0
-0.8965 0  0
-0.8955 0  0
-0.8945 0  0
-0.8935 0  0
-0.8925 0  0
-0.8915 0  0
-0.8905 0  0
-0.8895 0  0
-0.8885 0  0
-0.8875 0  0
-0.8865 0  0
-0.8855 0  0
-0.8845 0  0
-0.8835 0  0
-0.8825 0  0
-0.8815 0  0
-0.8805 0  0
-0.8795 0  0
-0.8785 0  0
-0.8775 0  0
-0.8765 0  0
-0.8755 0  0
-0.8745 0  0
-0.8735 0  0
-0.8725 0  0
-0.8715 0  0
-0.8705 0  0
-0.8695 0  0
-0.8685 0  0
-0.8675 0  0
-0.8665 0  0
-0.8655 0  0
-0.8645 0  0
-0.8635 0  0
-0.8625 0  0
-0.8615 0  0
-0.8605 0  0
-0.8595 0  0
-0.8585 0  0
-0.8575 0  0
-0.8565 0  0
-0.8555 0  0
-0.8545 0  0
-0.8535 0  0
-0.8525 0  0
-0.8515 0  0
-0.8505 0  0
-0.8495 0  0
-0.8485 0  0
-0.8475 0  0
-0.8465 0  0
-0.8455 0  0
-0.8445 0  0
-0.8435 0  0
-0.8425 0  0
-0.8415 0  0
-0.8405 0  0
-0.8395 0  0
-0.8385 0  0
-0.8375 0  0
-0.8365 0  0
-0.8355 0  0
-0.8345 0  0
-0.8335 0  0
-0.8325 0  0
-0.8315 0  0
-0.8305 0  0
-0.8295 0  0
-0.8285 0  0
-0.8275 0  0
-0.8265 0  0
-0.8255 0  0
-0.8245 0  0
-0.8235 0  0
-0.8225 0  0
-0.8215 0  0
-0.8205 0  0
-0.8195 0  0
-0.8185 0  0
-0.8175 0  0
-0.8165 0  0
-0.8155 0  0
-0.8145 0  0
-0.8135 0  0
-0.8125 0  0
-0.8115 0  0
-0.8105 0  0
-0.8095 0  0
-0.8085 0  0
-0.8075 0  0
-0.8065 0  0
-0.8055 0  0
-0.8045 0  0
-0.8035 0  0
-0.8025 0  0
-0.8015 0  0
-0.8005 0  0
-0.7995 0  0
-0.7985 0  0
-0.7975 0  0
-0.7965 0  0
-0.7955 0  0
-0.7945 0  0
-0.7935 0  0
-0.7925 0  0
-0.7915 0  0
-0.7905 0  0
-0.7895 0  0
-0.7885 0  0
-0.7875 0  0
-0.7865 0  0
-0.7855 0  0
-0.7845 0  0
-0.7835 0  0
-0.7825 0  0
-0.7815 0  0
-0.7805 0  0
-0.7795 0  0
-0.7785 0  0
-0.7775 0  0
-0.7765 0  0
-0.7755 0  0
-0.7745 0  0
-0.7735 0  0
-0.7725 0  0
-0.7715 0  0
-0.7705 0  0
-0.7695 0  0
-0.7685 0  0
-0.7675 0  0
-0.7665 0  0
-0.7655 0  0
-0.7645 0  0
-0.7635 0  0
-0.7625 0  0
-0.7615 0  0
-0.7605 0  0
-0.7595 0  0
-0.7585 0  0
-0.7575 0  0
-0.7565 0  0
-0.7555 0  0
-0.7545 0  0
-0.7535 0  0
-0.7525 0  0
-0.7515 0  0
-0.7505 0  0
-0.7495 0  0
-0.7485 0  0
-0.7475 0  0
-0.7465 0  0
-0.7455 0  0
-0.7445 0  0
-0.7435 0  0
-0.7425 0  0
-0.7415 0  0
-0.7405 0  0
-0.7395 0  0
-0.7385 0  0
-0.7375 0  0
-0.7365 0  0
-0.7355 0  0
-0.7345 0  0
-0.7335 0  0
-0.7325 0  0
-0.7315 0  0
-0.7305 0  0
-0.7295 0  0
-0.7285 0  0
-0.7275 0  0
-0.7265 0  0
-0.7255 0  0
-0.7245 0  0
-0.7235 0  0
-0.7225 0  0
-0.7215 0  0
-0.7205 0  0
-0.7195 0  0
-0.7185 0  0
-0.7175 0  0
-0.7165 0  0
-0.7155 0  0
-0.7145 0  0
-0.7135 0  0
-0.7125 0  0
-0.7115 0  0
-0.7105 0  0
-0.7095 0  0
-0.7085 0  0
-0.7075 0  0
-0.7065 0  0
-0.7055 0  0
-0.7045 0  0
-0.7035 0  0
-0.7025 0  0
-0.7015 0  0
-0.7005 0  0
-0.6995 0  0
-0.6985 0  0
-0.6975 0  0
-0.6965 0  0
-0.6955 0  0
-0.6945 0  0
-0.6935 0  0
-0.6925 0  0
-0.6915 0  0
-0.6905 0  0
-0.6895 0  0
-0.6885 0  0
-0.6875 0  0
-0.6865 0  0
-0.6855 0  0
-0.6845 0  0
-0.6835 0  0
-0.6825 0  0
-0.6815 0  0
-0.6805 0  0
-0.6795 0  0
-0.6785 0  0
-0.6775 0  0
-0.6765 0  0
-0.6755 0  0
-0.6745 0  0
-0.6735 0  0
-0.6725 0  0
-0.6715 0  0
-0.6705 0  0
-0.6695 0  0
-0.6685 0  0
-0.6675 0  0
-0.6665 0  0
-0.6655 0  0
-0.6645 0  0
-0.6635 0  0
-0.6625 0  0
-0.6615 0  0
-0.6605 0  0
-0.6595 0  0
-0.6585 0  0
-0.6575 0  0
-0.6565 0  0
-0.6555 0  0
-0.6545 0  0
-0.6535 0  0
-0.6525 0  0
-0.6515 0  0
-0.6505 0  0
-0.6495 0  0
-0.6485 0  0
-0.6475 0  0
-0.6465 0  0
-0.6455 0  0
-0.6445 0  0
-0.6435 0  0
-0.6425 0  0
-0.6415 0  0
-0.6405 0  0
-0.6395 0  0
-0.6385 0  0
-0.6375 0  0
-0.6365 0  0
-0.6355 0  0
-0.6345 0  0
-0.6335 0  0
-0.6325 0  0
-0.6315 0  0
-0.6305 0  0
-0.6295 0  0
-0.6285 0  0
-0.6275 0  0
-0.6265 0  0
-0.6255 0  0
-0.6245 0  0
-0.6235 0  0
-0.6225 0  0
-0.6215 0  0
-0.6205 0  0
-0.6195 0  0
-0.6185 0  0
-0.6175 0  0
-0.6165 0  0
-0.6155 0  0
-0.6145 0  0
-0.6135 0  0
-0.6125 0  0
-0.6115 0  0
-0.6105 0  0
-0.6095 0  0
-0.6085 0  0
-0.6075 0  0
-0.6065 0  0
-0.6055 0  0
-0.6045 0  0
-0.6035 0  0
-0.6025 0  0
-0.6015 0  0
-0.6005 0  0
-0.5995 0  0
-0.5985 0  0
-0.5975 0  0
-0.5965 0  0
-0.5955 0  0
-0.5945 0  0
-0.5935 0  0
-0.5925 0  0
-0.5915 0  0
-0.5905 0  0
-0.5895 0  0
-0.5885 0  0
-0.5875 0  0
-0.5865 0  0
-0.5855 0  0
-0.5845 0  0
-0.5835 0  0
-0.5825 0  0
-0.5815 0  0
-0.5805 0  0
-0.5795 0  0
-0.5785 0  0
-0.5775 0  0
-0.5765 0  0
-0.5755 0  0
-0.5745 0  0
-0.5735 0  0
-0.5725 0  0
-0.5715 0  0
-0.5705 0  0
-0.5695 0  0
-0.5685 0  0
-0.5675 0  0
-0.5665 0  0
-0.5655 0  0
-0.5645 0  0
-0.5635 0  0
-0.5625 0  0
-0.5615 0  0
-0.5605 0  0
-0.5595 0  0
-0.5585 0  0
-0.5575 0  0
-0.5565 0  0
-0.5555 0  0
-0.5545 0  0
-0.5535 0  0
-0.5525 0  0
-0.5515 0  0
-0.5505 0  0
-0.5495 0  0
-0.5485 0  0
-0.5475 0  0
-0.5465 0  0
-0.5455 0  0
-0.5445 0  0
-0.5435 0  0
-0.5425 0  0
-0.5415 0  0
-0.5405 0  0
-0.5395 0  0
-0.5385 0  0
-0.5375 0  0
-0.5365 0  0
-0.5355 0  0
-0.5345 0  0
-0.5335 0  0
-0.5325 0  0
-0.5315 0  0
-0.5305 0  0
-0.5295 0  0
-0.5285 0  0
-0.5275 0  0
-0.5265 0  0
-0.5255 0  0
-0.5245 0  0
-0.5235 0  0
-0.5225 0  0
-0.5215 0  0
-0.5205 0  0
-0.5195 0  0
-0.5185 0  0
-0.5175 0  0
-0.5165 0  0
-0.5155 0  0
-0.5145 0  0
-0.5135 0  0
-0.5125 0  0
-0.5115 0  0
-0.5105 0  0
-0.5095 0  0
-0.5085 0  0
-0.5075 0  0
-0.5065 0  0
-0.5055 0  0
-0.5045 0  0
-0.5035 0  0
-0.5025 0  0
-0.5015 0  0
-0.5005 0  0
-0.4995 0.000160187  0
-0.4985 0.000472629  0
-0.4975 0.000784332  0
-0.4965 0.00109542  0
-0.4955 0.00140591  0
-0.4945 0.00171583  0
-0.4935 0.00202517  0
-0.4925 0.00233395  0
-0.4915 0.00264216  0
-0.4905 0.00294982  0
-0.4895 0.00325693  0
-0.4885 0.00356348  0
-0.4875 0.00386949  0
-0.4865 0.00417496  0
-0.4855 0.00447989  0
-0.4845 0.00478429  0
-0.4835 0.00508815  0
-0.4825 0.00539149  0
-0.4815 0.0056943  0
-0.4805 0.00599658  0
-0.4795 0.00629835  0
-0.4785 0.0065996  0
-0.4775 0.00690034  0
-0.4765 0.00720057  0
-0.4755 0.00750029  0
-0.4745 0.00779951  0
-0.4735 0.00809823  0
-0.4725 0.00839645  0
-0.4715 0.00869418  0
-0.4705 0.00899141  0
-0.4695 0.00928815  0
-0.4685 0.00958441  0
-0.4675 0.00988018  0
-0.4665 0.0101755  0
-0.4655 0.0104703  0
-0.4645 0.0107646  0
-0.4635 0.0110585  0
-0.4625 0.0113519  0
-0.4615 0.0116448  0
-0.4605 0.0119373  0
-0.4595 0.0122293  0
-0.4585 0.0125208  0
-0.4575 0.0128119  0
-0.4565 0.0131025  0
-0.4555 0.0133927  0
-0.4545 0.0136824  0
-0.4535 0.0139717  0
-0.4525 0.0142606  0
-0.4515 0.014549  0
-0.4505 0.0148369  0
-0.4495 0.0151245  0
-0.4485 0.0154116  0
-0.4475 0.0156982  0
-0.4465 0.0159844  0
-0.4455 0.0162703  0
-0.4445 0.0165556  0
-0.4435 0.0168406  0
-0.4425 0.0171252  0
-0.4415 0.0174093  0
-0.4405 0.017693  0
-0.4395 0.0179763  0
-0.4385 0.0182592  0
-0.4375 0.0185417  0
-0.4365 0.0188238  0
-0.4355 0.0191055  0
-0.4345 0.0193867  0
-0.4335 0.0196676  0
-0.4325 0.0199481  0
-0.4315 0.0202282  0
-0.4305 0.0205079  0
-0.4295 0.0207873  0
-0.4285 0.0210662  0
-0.4275 0.0213447  0
-0.4265 0.0216229  0
-0.4255 0.0219007  0
-0.4245 0.0221781  0
-0.4235 0.0224552  0
-0.4225 0.0227318  0
-0.4215 0.0230081  0
-0.4205 0.023284  0
-0.4195 0.0235596  0
-0.4185 0.0238348  0
-0.4175 0.0241096  0
-0.4165 0.0243841  0
-0.4155 0.0246582  0
-0.4145 0.024932  0
-0.4135 0.0252054  0
-0.4125 0.0254784  0
-0.4115 0.0257511  0
-0.4105 0.0260234  0
-0.4095 0.0262954  0
-0.4085 0.0265671  0
-0.4075 0.0268384  0
-0.4065 0.0271094  0
-0.4055 0.02738  0
-0.4045 0.0276503  0
-0.4035 0.0279202  0
-0.4025 0.0281898  0
-0.4015 0.0284591  0
-0.4005 0.0287281  0
-0.3995 0.0289967  0
-0.3985 0.029265  0
-0.3975 0.0295329  0
-0.3965 0.0298006  0
-0.3955 0.0300679  0
-0.3945 0.0303349  0
-0.3935 0.0306016  0
-0.3925 0.0308679  0
-0.3915 0.0311339  0
-0.3905 0.0313997  0
-0.3895 0.0316651  0
-0.3885 0.0319302  0
-0.3875 0.032195  0
-0.3865 0.0324595  0
-0.3855 0.0327236  0
-0.3845 0.0329875  0
-0.3835 0.0332511  0
-0.3825 0.0335143  0
-0.3815 0.0337773  0
-0.3805 0.03404  0
-0.3795 0.0343023  0
-0.3785 0.0345644  0
-0.3775 0.0348262  0
-0.3765 0.0350877  0
-0.3755 0.0353489  0
-0.3745 0.0356098  0
-0.3735 0.0358704  0
-0.3725 0.0361307  0
-0.3715 0.0363908  0
-0.3705 0.0366505  0
-0.3695 0.03691  0
-0.3685 0.0371692  0
-0.3675 0.0374281  0
-0.3665 0.0376868  0
-0.3655 0.0379451  0
-0.3645 0.0382032  0
-0.3635 0.038461  0
-0.3625 0.0387186  0
-0.3615 0.0389758  0
-0.3605 0.0392328  0
-0.3595 0.0394896  0
-0.3585 0.039746  0
-0.3575 0.0400022  0
-0.3565 0.0402582  0
-0.3555 0.0405138  0
-0.3545 0.0407692  0
-0.3535 0.0410244  0
-0.3525 0.0412793  0
-0.3515 0.0415339  0
-0.3505 0.0417883  0
-0.3495 0.0420424  0
-0.3485 0.0422963  0
-0.3475 0.0425499  0
-0.3465 0.0428032  0
-0.3455 0.0430564  0
-0.3445 0.0433092  0
-0.3435 0.0435618  0
-0.3425 0.0438142  0
-0.3415 0.0440663  0
-0.3405 0.0443182  0
-0.3395 0.0445699  0
-0.3385 0.0448213  0
-0.3375 0.0450724  0
-0.3365 0.0453233  0
-0.3355 0.045574  0
-0.3345 0.0458245  0
-0.3335 0.0460747  0
-0.3325 0.0463246  0
-0.3315 0.0465744  0
-0.3305 0.0468239  0
-0.3295 0.0470732  0
-0.3285 0.0473222  0
-0.3275 0.0475711  0
-0.3265 0.0478197  0
-0.3255 0.048068  0
-0.3245 0.0483162  0
-0.3235 0.0485641  0
-0.3225 0.0488118  0
-0.3215 0.0490593  0
-0.3205 0.0493066  0
-0.3195 0.0495536  0
-0.3185 0.0498004  0
-0.3175 0.050047  0
-0.3165 0.0502934  0
-0.3155 0.0505396  0
-0.3145 0.0507856  0
-0.3135 0.0510313  0
-0.3125 0.0512769  0
-0.3115 0.0515222  0
-0.3105 0.0517673  0
-0.3095 0.0520122  0
-0.3085 0.0522569  0
-0.3075 0.0525014  0
-0.3065 0.0527457  0
-0.3055 0.0529898  0
-0.3045 0.0532337  0
-0.3035 0.0534774  0
-0.3025 0.0537209  0
-0.3015 0.0539642  0
-0.3005 0.0542073  0
-0.2995 0.0544502  0
-0.2985 0.0546929  0
-0.2975 0.0549354  0
-0.2965 0.0551777  0
-0.2955 0.0554198  0
-0.2945 0.0556617  0
-0.2935 0.0559035  0
-0.2925 0.056145  0
-0.2915 0.0563864  0
-0.2905 0.0566275  0
-0.2895 0.0568685  0
-0.2885 0.0571093  0
-0.2875 0.0573499  0
-0.2865 0.0575904  0
-0.2855 0.0578306  0
-0.2845 0.0580707  0
-0.2835 0.0583106  0
-0.2825 0.0585503  0
-0.2815 0.0587898  0
-0.2805 0.0590291  0
-0.2795 0.0592683  0
-0.2785 0.0595073  0
-0.2775 0.0597461  0
-0.2765 0.0599848  0
-0.2755 0.0602233  0
-0.2745 0.0604616  0
-0.2735 0.0606997  0
-0.2725 0.0609377  0
-0.2715 0.0611755  0
-0.2705 0.0614132  0
-0.2695 0.0616506  0
-0.2685 0.061888  0
-0.2675 0.0621251  0
-0.2665 0.0623621  0
-0.2655 0.0625989  0
-0.2645 0.0628356  0
-0.2635 0.0630721  0
-0.2625 0.0633084  0
-0.2615 0.0635446  0
-0.2605 0.0637806  0
-0.2595 0.0640165  0
-0.2585 0.0642522  0
-0.2575 0.0644878  0
-0.2565 0.0647232  0
-0.2555 0.0649585  0
-0.2545 0.0651936  0
-0.2535 0.0654285  0
-0.2525 0.0656633  0
-0.2515 0.065898  0
-0.2505 0.0661325  0
-0.2495 0.0663669  0
-0.2485 0.0666011  0
-0.2475 0.0668352  0
-0.2465 0.0670691  0
-0.2455 0.0673029  0
-0.2445 0.0675365  0
-0.2435 0.06777  0
-0.2425 0.0680034  0
-0.2415 0.0682366  0
-0.2405 0.0684697  0
-0.2395 0.0687027  0
-0.2385 0.0689355  0
-0.2375 0.0691682  0
-0.2365 0.0694007  0
-0.2355 0.0696331  0
-0.2345 0.0698654  0
-0.2335 0.0700975  0
-0.2325 0.0703295  0
-0.2315 0.0705614  0
-0.2305 0.0707932  0
-0.2295 0.0710248  0
-0.2285 0.0712562  0
-0.2275 0.0714876  0
-0.2265 0.0717188  0
-0.2255 0.0719499  0
-0.2245 0.0721808  0
-0.2235 0.0724116  0
-0.2225 0.0726422  0
-0.2215 0.0728728  0
-0.2205 0.0731031  0
-0.2195 0.0733334  0
-0.2185 0.0735634  0
-0.2175 0.0737934  0
-0.2165 0.0740231  0
-0.2155 0.0742528  0
-0.2145 0.0744822  0
-0.2135 0.0747115  0
-0.2125 0.0749407  0
-0.2115 0.0751697  0
-0.2105 0.0753985  0
-0.2095 0.0756271  0
-0.2085 0.0758556  0
-0.2075 0.0760839  0
-0.2065 0.0763121  0
-0.2055 0.0765401  0
-0.2045 0.0767679  0
-0.2035 0.0769955  0
-0.2025 0.077223  0
-0.2015 0.0774504  0
-0.2005 0.0776776  0
-0.1995 0.0779047  0
-0.1985 0.0781317  0
-0.1975 0.0783585  0
-0.1965 0.0785853  0
-0.1955 0.0788119  0
-0.1945 0.0790385  0
-0.1935 0.0792651  0
-0.1925 0.0794916  0
-0.1915 0.079718  0
-0.1905 0.0799444  0
-0.1895 0.0801708  0
-0.1885 0.0803972  0
-0.1875 0.0806236  0
-0.1865 0.08085  0
-0.1855 0.0810764  0
-0.1845 0.0813028  0
-0.1835 0.0815292  0
-0.1825 0.0817556  0
-0.1815 0.081982  0
-0.1805 0.0822085  0
-0.1795 0.0824349  0
-0.1785 0.0826613  0
-0.1775 0.0828877  0
-0.1765 0.0831141  0
-0.1755 0.0833404  0
-0.1745 0.0835667  0
-0.1735 0.083793  0
-0.1725 0.0840192  0
-0.1715 0.0842454  0
-0.1705 0.0844714  0
-0.1695 0.0846974  0
-0.1685 0.0849233  0
-0.1675 0.0851491  0
-0.1665 0.0853749  0
-0.1655 0.0856005  0
-0.1645 0.085826  0
-0.1635 0.0860513  0
-0.1625 0.0862766  0
-0.1615 0.0865017  0
-0.1605 0.0867267  0
-0.1595 0.0869516  0
-0.1585 0.0871763  0
-0.1575 0.0874009  0
-0.1565 0.0876254  0
-0.1555 0.0878497  0
-0.1545 0.0880739  0
-0.1535 0.088298  0
-0.1525 0.088522  0
-0.1515 0.0887458  0
-0.1505 0.0889696  0
-0.1495 0.0891932  0
-0.1485 0.0894168  0
-0.1475 0.0896402  0
-0.1465 0.0898636  0
-0.1455 0.0900869  0
-0.1445 0.0903101  0
-0.1435 0.0905333  0
-0.1425 0.0907564  0
-0.1415 0.0909794  0
-0.1405 0.0912023  0
-0.1395 0.0914252  0
-0.1385 0.0916479  0
-0.1375 0.0918706  0
-0.1365 0.0920931  0
-0.1355 0.0923155  0
-0.1345 0.0925377  0
-0.1335 0.0927597  0
-0.1325 0.0929816  0
-0.1315 0.0932033  0
-0.1305 0.0934247  0
-0.1295 0.093646  0
-0.1285 0.0938671  0
-0.1275 0.094088  0
-0.1265 0.0943088  0
-0.1255 0.0945296  0
-0.1245 0.0947502  0
-0.1235 0.0949708  0
-0.1225 0.0951914  0
-0.1215 0.0954118  0
-0.1205 0.0956322  0
-0.1195 0.0958523  0
-0.1185 0.0960721  0
-0.1175 0.0962916  0
-0.1165 0.0965105  0
-0.1155 0.096729  0
-0.1145 0.0969469  0
-0.1135 0.0971643  0
-0.1125 0.0973811  0
-0.1115 0.0975974  0
-0.1105 0.0978131  0
-0.1095 0.0980281  0
-0.1085 0.0982423  0
-0.1075 0.0984553  0
-0.1065 0.0986671  0
-0.1055 0.0988772  0
-0.1045 0.0990852  0
-0.1035 0.0992905  0
-0.1025 0.099493  0
-0.1015 0.0996926  0
-0.1005 0.0998905  0
-0.0995 0.100088  0
-0.0985 0.100288  0
-0.0975 0.100489  0
-0.0965 0.100691  0
-0.0955 0.100894  0
-0.0945 0.101093  0
-0.0935 0.10129  0
-0.0925 0.101482  0
-0.0915 0.101672  0
-0.0905 0.101858  0
-0.0895 0.102041  0
-0.0885 0.102219  0
-0.0875 0.102389  0
-0.0865 0.102545  0
-0.0855 0.102681  0
-0.0845 0.102796  0
-0.0835 0.102909  0
-0.0825 0.10304  0
-0.0815 0.103192  0
-0.0805 0.103624  0
-0.0795 0.104944  0
-0.0785 0.109484  0
-0.0775 0.129092  0
-0.0765 0.437722  0
-0.0755 0.998784  0
-0.0745 1  0
-0.0735 1  0
-0.0725 1  0
-0.0715 1  0
-0.0705 1  0
-0.0695 1  0
-0.0685 1  0
-0.0675 1  0
-0.0665 1  0
-0.0655 1  0
-0.0645 1  0
-0.0635 1  0
-0.0625 1  0
-0.0615 1  0
-0.0605 1  0
-0.0595 1  0
-0.0585 1  0
-0.0575 1  0
-0.0565 1  0
-0.0555 1  0
-0.0545 1  0
-0.0535 1  0
-0.0525 1  0
-0.0515 1  0
-0.0505 1  0
-0.0495 1  0
-0.0485 1  0
-0.0475 1  0
-0.0465 1  0
-0.0455 1  0
-0.0445 1  0
-0.0435 1  0
-0.0425 1  0
-0.0415 1  0
-0.0405 1  0
-0.0395 1  0
-0.0385 1  0
-0.0375 1  0
-0.0365 1  0
-0.0355 1  0
-0.0345 1  0
-0.0335 1  0
-0.0325 1  0
-0.0315 1  0
-0.0305 1  0
-0.0295 1  0
-0.0285 1  0
-0.0275 1  0
-0.0265 1  0
-0.0255 1  0
-0.0245 1  0
-0.0235 1  0
-0.0225 1  0
-0.0215 1  0
-0.0205 1  0
-0.0195 1  0
-0.0185 1  0
-0.0175 1  0
-0.0165 1  0
-0.0155 1  0
-0.0145 1  0
-0.0135 1  0
-0.0125 1  0
-0.0115 1  0
-0.0105 1  0
-0.0095 1  0
-0.0085 1  0
-0.0075 1  0
-0.0065 1  0
-0.0055 1  0
-0.0045 1  0
-0.0035 1  0
-0.0025 1  0
-0.0015 1  0
-0.0005 1  0
0.0005 0.997289  0
0.0015 0.992389  0
0.0025 0.987659  0
0.0035 0.983067  0
0.0045 0.978602  0
0.0055 0.974254  0
0.0065 0.970017  0
0.0075 0.965885  0
0.0085 0.961852  0
0.0095 0.957913  0
0.0105 0.954063  0
0.0115 0.950299  0
0.0125 0.946616  0
0.0135 0.943011  0
0.0145 0.939481  0
0.0155 0.936022  0
0.0165 0.932631  0
0.0175 0.929307  0
0.0185 0.926045  0
0.0195 0.922844  0
0.0205 0.919701  0
0.0215 0.916615  0
0.0225 0.913583  0
0.0235 0.910603  0
0.0245 0.907674  0
0.0255 0.904793  0
0.0265 0.90196  0
0.0275 0.899172  0
0.0285 0.896428  0
0.0295 0.893726  0
0.0305 0.891066  0
0.0315 0.888446  0
0.0325 0.885865  0
0.0335 0.883321  0
0.0345 0.880814  0
0.0355 0.878342  0
0.0365 0.875905  0
0.0375 0.873501  0
0.0385 0.87113  0
0.0395 0.86879  0
0.0405 0.866481  0
0.0415 0.864202  0
0.0425 0.861952  0
0.0435 0.859731  0
0.0445 0.857537  0
0.0455 0.85537  0
0.0465 0.853229  0
0.0475 0.851115  0
0.0485 0.849025  0
0.0495 0.846959  0
0.0505 0.844918  0
0.0515 0.842899  0
0.0525 0.840904  0
0.0535 0.83893  0
0.0545 0.836979  0
0.0555 0.835048  0
0.0565 0.833138  0
0.0575 0.831249  0
0.0585 0.829379  0
0.0595 0.827529  0
0.0605 0.825698  0
0.0615 0.823885  0
0.0625 0.822091  0
0.0635 0.820314  0
0.0645 0.818555  0
0.0655 0.816813  0
0.0665 0.815088  0
0.0675 0.813379  0
0.0685 0.811687  0
0.0695 0.81001  0
0.0705 0.808349  0
0.0715 0.806703  0
0.0725 0.805071  0
0.0735 0.803455  0
0.0745 0.801853  0
0.0755 0.800265  0
0.0765 0.798691  0
0.0775 0.79713  0
0.0785 0.795583  0
0.0795 0.794049  0
0.0805 0.792528  0
0.0815 0.791019  0
0.0825 0.789523  0
0.0835 0.78804  0
0.0845 0.786568  0
0.0855 0.785108  0
0.0865 0.78366  0
0.0875 0.782223  0
0.0885 0.780797  0
0.0895 0.779383  0
0.0905 0.777979  0
0.0915 0.776586  0
0.0925 0.775204  0
0.0935 0.773832  0
0.0945 0.77247  0
0.0955 0.771118  0
0.0965 0.769776  0
0.0975 0.768444  0
0.0985 0.767122  0
0.0995 0.765809  0
0.1005 0.764505  0
0.1015 0.763211  0
0.1025 0.761925  0
0.1035 0.760649  0
0.1045 0.759381  0
0.1055 0.758122  0
0.1065 0.756871  0
0.1075 0.755629  0
0.1085 0.754395  0
0.1095 0.753169  0
0.1105 0.751952  0
0.1115 0.750742  0
0.1125 0.74954  0
0.1135 0.748346  0
0.1145 0.747159  0
0.1155 0.74598  0
0.1165 0.744809  0
0.1175 0.743645  0
0.1185 0.742488  0
0.1195 0.741338  0
0.1205 0.740195  0
0.1215 0.739059  0
0.1225 0.73793  0
0.1235 0.736807  0
0.1245 0.735692  0
0.1255 0.734583  0
0.1265 0.73348  0
0.1275 0.732384  0
0.1285 0.731294  0
0.1295 0.730211  0
0.1305 0.729134  0
0.1315 0.728063  0
0.1325 0.726997  0
0.1335 0.725938  0
0.1345 0.724885  0
0.1355 0.723838  0
0.1365 0.722796  0
0.1375 0.72176  0
0.1385 0.72073  0
0.1395 0.719705  0
0.1405 0.718686  0
0.1415 0.717672  0
0.1425 0.716663  0
0.1435 0.71566  0
0.1445 0.714662  0
0.1455 0.71367  0
0.1465 0.712682  0
0.1475 0.711699  0
0.1485 0.710722  0
0.1495 0.709749  0
0.1505 0.708782  0
0.1515 0.707819  0
0.1525 0.706861  0
0.1535 0.705908  0
0.1545 0.704959  0
0.1555 0.704015  0
0.1565 0.703076  0
0.1575 0.702141  0
0.1585 0.701211  0
0.1595 0.700285  0
0.1605 0.699364  0
0.1615 0.698446  0
0.1625 0.697534  0
0.1635 0.696625  0
0.1645 0.695721  0
0.1655 0.694821  0
0.1665 0.693925  0
0.1675 0.693033  0
0.1685 0.692145  0
0.1695 0.691261  0
0.1705 0.690382  0
0.1715 0.689506  0
0.1725 0.688634  0
0.1735 0.687766  0
0.1745 0.686901  0
0.1755 0.686041  0
0.1765 0.685184  0
0.1775 0.684331  0
0.1785 0.683481  0
0.1795 0.682636  0
0.1805 0.681793  0
0.1815 0.680955  0
0.1825 0.68012  0
0.1835 0.679288  0
0.1845 0.67846  0
0.1855 0.677635  0
0.1865 0.676814  0
0.1875 0.675996  0
0.1885 0.675182  0
0.1895 0.67437  0
0.1905 0.673562  0
0.1915 0.672758  0
0.1925 0.671956  0
0.1935 0.671158  0
0.1945 0.670363  0
0.1955 0.669571  0
0.1965 0.668782  0
0.1975 0.667996  0
0.1985 0.667213  0
0.1995 0.666433  0
0.2005 0.665656  0
0.2015 0.664883  0
0.2025 0.664112  0
0.2035 0.663344  0
0.2045 0.662579  0
0.2055 0.661816  0
0.2065 0.661057  0
0.2075 0.660301  0
0.2085 0.659547  0
0.2095 0.658796  0
0.2105 0.658048  0
0.2115 0.657302  0
0.2125 0.656559  0
0.2135 0.655819  0
0.2145 0.655082  0
0.2155 0.654347  0
0.2165 0.653615  0
0.2175 0.652885  0
0.2185 0.652158  0
0.2195 0.651433  0
0.2205 0.650711  0
0.2215 0.649992  0
0.2225 0.649275  0
0.2235 0.64856  0
0.2245 0.647848  0
0.2255 0.647138  0
0.2265 0.646431  0
0.2275 0.645726  0
0.2285 0.645023  0
0.2295 0.644323  0
0.2305 0.643625  0
0.2315 0.64293  0
0.2325 0.642236  0
0.2335 0.641545  0
0.2345 0.640857  0
0.2355 0.64017  0
0.2365 0.639486  0
0.2375 0.638804  0
0.2385 0.638124  0
0.2395 0.637446  0
0.2405 0.636771  0
0.2415 0.636097  0
0.2425 0.635426  0
0.2435 0.634757  0
0.2445 0.634089  0
0.2455 0.633424  0
0.2465 0.632761  0
0.2475 0.6321  0
0.2485 0.631441  0
0.2495 0.630785  0
0.2505 0.63013  0
0.2515 0.629477  0
0.2525 0.628826  0
0.2535 0.628177  0
0.2545 0.627529  0
0.2555 0.626884  0
0.2565 0.626241  0
0.2575 0.6256  0
0.2585 0.62496  0
0.2595 0.624322  0
0.2605 0.623687  0
0.2615 0.623053  0
0.2625 0.622421  0
0.2635 0.62179  0
0.2645 0.621162  0
0.2655 0.620535  0
0.2665 0.61991  0
0.2675 0.619287  0
0.2685 0.618665  0
0.2695 0.618046  0
0.2705 0.617428  0
0.2715 0.616811  0
0.2725 0.616197  0
0.2735 0.615584  0
0.2745 0.614973  0
0.2755 0.614363  0
0.2765 0.613755  0
0.2775 0.613149  0
0.2785 0.612545  0
0.2795 0.611941  0
0.2805 0.61134  0
0.2815 0.61074  0
0.2825 0.610142  0
0.2835 0.609545  0
0.2845 0.60895  0
0.2855 0.608357  0
0.2865 0.607765  0
0.2875 0.607174  0
0.2885 0.606585  0
0.2895 0.605998  0
0.2905 0.605412  0
0.2915 0.604828  0
0.2925 0.604245  0
0.2935 0.603663  0
0.2945 0.603083  0
0.2955 0.602505  0
0.2965 0.601928  0
0.2975 0.601352  0
0.2985 0.600778  0
0.2995 0.600205  0
0.3005 0.599633  0
0.3015 0.599063  0
0.3025 0.598495  0
0.3035 0.597927  0
0.3045 0.597361  0
0.3055 0.596797  0
0.3065 0.596233  0
0.3075 0.595672  0
0.3085 0.595111  0
0.3095 0.594552  0
0.3105 0.593994  0
0.3115 0.593437  0
0.3125 0.592882  0
0.3135 0.592328  0
0.3145 0.591775  0
0.3155 0.591224  0
0.3165 0.590674  0
0.3175 0.590125  0
0.3185 0.589577  0
0.3195 0.58903  0
0.3205 0.588485  0
0.3215 0.587941  0
0.3225 0.587398  0
0.3235 0.586857  0
0.3245 0.586316  0
0.3255 0.585777  0
0.3265 0.585239  0
0.3275 0.584702  0
0.3285 0.584167  0
0.3295 0.583632  0
0.3305 0.583099  0
0.3315 0.582567  0
0.3325 0.582036  0
0.3335 0.581506  0
0.3345 0.580977  0
0.3355 0.58045  0
0.3365 0.579923  0
0.3375 0.579398  0
0.3385 0.578873  0
0.3395 0.57835  0
0.3405 0.577828  0
0.3415 0.577307  0
0.3425 0.576787  0
0.3435 0.576268  0
0.3445 0.57575  0
0.3455 0.575233  0
0.3465 0.574718  0
0.3475 0.574203  0
0.3485 0.573689  0
0.3495 0.573177  0
0.3505 0.572665  0
0.3515 0.572155  0
0.3525 0.571645  0
0.3535 0.571136  0
0.3545 0.570629  0
0.3555 0.570122  0
0.3565 0.569617  0
0.3575 0.569112  0
0.3585 0.568608  0
0.3595 0.568106  0
0.3605 0.567604  0
0.3615 0.567103  0
0.3625 0.566604  0
0.3635 0.566105  0
0.3645 0.565607  0
0.3655 0.56511  0
0.3665 0.564614  0
0.3675 0.564119  0
0.3685 0.563625  0
0.3695 0.563131  0
0.3705 0.562639  0
0.3715 0.562148  0
0.3725 0.561657  0
0.3735 0.561167  0
0.3745 0.560679  0
0.3755 0.560191  0
0.3765 0.559704  0
0.3775 0.559218  0
0.3785 0.558732  0
0.3795 0.558248  0
0.3805 0.557764  0
0.3815 0.557282  0
0.3825 0.5568  0
0.3835 0.556319  0
0.3845 0.555839  0
0.3855 0.555359  0
0.3865 0.554881  0
0.3875 0.554403  0
0.3885 0.553926  0
0.3895 0.55345  0
0.3905 0.552975  0
0.3915 0.552501  0
0.3925 0.552027  0
0.3935 0.551554  0
0.3945 0.551082  0
0.3955 0.550611  0
0.3965 0.550141  0
0.3975 0.549671  0
0.3985 0.549202  0
0.3995 0.548734  0
0.4005 0.548267  0
0.4015 0.5478  0
0.4025 0.547334  0
0.4035 0.546869  0
0.4045 0.546405  0
0.4055 0.545941  0
0.4065 0.545478  0
0.4075 0.545016  0
0.4085 0.544555  0
0.4095 0.544094  0
0.4105 0.543634  0
0.4115 0.543175  0
0.4125 0.542717  0
0.4135 0.542259  0
0.4145 0.541802  0
0.4155 0.541346  0
0.4165 0.54089  0
0.4175 0.540435  0
0.4185 0.539981  0
0.4195 0.539527  0
0.4205 0.539075  0
0.4215 0.538622  0
0.4225 0.538171  0
0.4235 0.53772  0
0.4245 0.53727  0
0.4255 0.536821  0
0.4265 0.536372  0
0.4275 0.535924  0
0.4285 0.535477  0
0.4295 0.53503  0
0.4305 0.534584  0
0.4315 0.534138  0
0.4325 0.533694  0
0.4335 0.53325  0
0.4345 0.532806  0
0.4355 0.532363  0
0.4365 0.531921  0
0.4375 0.53148  0
0.4385 0.531039  0
0.4395 0.530599  0
0.4405 0.530159  0
0.4415 0.52972  0
0.4425 0.529282  0
0.4435 0.528844  0
0.4445 0.528407  0
0.4455 0.527971  0
0.4465 0.527535  0
0.4475 0.5271  0
0.4485 0.526666  0
0.4495 0.526232  0
0.4505 0.525798  0
0.4515 0.525366  0
0.4525 0.524934  0
0.4535 0.524502  0
0.4545 0.524071  0
0.4555 0.523641  0
0.4565 0.523211  0
0.4575 0.522782  0
0.4585 0.522354  0
0.4595 0.521926  0
0.4605 0.521498  0
0.4615 0.521071  0
0.4625 0.520645  0
0.4635 0.520219  0
0.4645 0.519794  0
0.4655 0.519369  0
0.4665 0.518945  0
0.4675 0.518522  0
0.4685 0.518099  0
0.4695 0.517676  0
0.4705 0.517254  0
0.4715 0.516833  0
0.4725 0.516412  0
0.4735 0.515991  0
0.4745 0.515571  0
0.4755 0.515151  0
0.4765 0.514732  0
0.4775 0.514314  0
0.4785 0.513896  0
0.4795 0.513478  0
0.4805 0.513061  0
0.4815 0.512644  0
0.4825 0.512227  0
0.4835 0.511811  0
0.4845 0.511396  0
0.4855 0.510981  0
0.4865 0.510566  0
0.4875 0.510152  0
0.4885 0.509738  0
0.4895 0.509324  0
0.4905 0.508911  0
0.4915 0.508499  0
0.4925 0.508086  0
0.4935 0.507674  0
0.4945 0.507263  0
0.4955 0.506852  0
0.4965 0.506441  0
0.4975 0.506031  0
0.4985 0.50562  0
0.4995 0.505211  0
0.5005 0.504802  0
0.5015 0.504393  0
0.5025 0.503984  0
0.5035 0.503576  0
0.5045 0.503168  0
0.5055 0.50276  0
0.5065 0.502353  0
0.5075 0.501947  0
0.5085 0.50154  0
0.5095 0.501134  0
0.5105 0.500728  0
0.5115 0.500323  0
0.5125 0.499918  0
0.5135 0.499514  0
0.5145 0.499109  0
0.5155 0.498705  0
0.5165 0.498302  0
0.5175 0.497899  0
0.5185 0.497496  0
0.5195 0.497093  0
0.5205 0.496691  0
0.5215 0.496289  0
0.5225 0.495888  0
0.5235 0.495487  0
0.5245 0.495086  0
0.5255 0.494685  0
0.5265 0.494285  0
0.5275 0.493886  0
0.5285 0.493486  0
0.5295 0.493087  0
0.5305 0.492688  0
0.5315 0.49229  0
0.5325 0.491892  0
0.5335 0.491494  0
0.5345 0.491096  0
0.5355 0.490699  0
0.5365 0.490302  0
0.5375 0.489906  0
0.5385 0.489509  0
0.5395 0.489113  0
0.5405 0.488718  0
0.5415 0.488322  0
0.5425 0.487927  0
0.5435 0.487533  0
0.5445 0.487138  0
0.5455 0.486744  0
0.5465 0.48635  0
0.5475 0.485957  0
0.5485 0.485564  0
0.5495 0.485171  0
0.5505 0.484779  0
0.5515 0.484387  0
0.5525 0.483995  0
0.5535 0.483604  0
0.5545 0.483213  0
0.5555 0.482822  0
0.5565 0.482432  0
0.5575 0.482042  0
0.5585 0.481653  0
0.5595 0.481264  0
0.5605 0.480875  0
0.5615 0.480487  0
0.5625 0.480099  0
0.5635 0.479711  0
0.5645 0.479324  0
0.5655 0.478936  0
0.5665 0.47855  0
0.5675 0.478163  0
0.5685 0.477777  0
0.5695 0.47739  0
0.5705 0.477004  0
0.5715 0.476618  0
0.5725 0.476232  0
0.5735 0.475847  0
0.5745 0.475461  0
0.5755 0.475076  0
0.5765 0.47469  0
0.5775 0.474305  0
0.5785 0.473921  0
0.5795 0.473536  0
0.5805 0.473153  0
0.5815 0.472769  0
0.5825 0.472386  0
0.5835 0.472004  0
0.5845 0.471622  0
0.5855 0.471241  0
0.5865 0.470861  0
0.5875 0.470481  0
0.5885 0.470102  0
0.5895 0.469724  0
0.5905 0.469347  0
0.5915 0.46897  0
0.5925 0.468594  0
0.5935 0.468218  0
0.5945 0.467843  0
0.5955 0.467469  0
0.5965 0.467095  0
0.5975 0.466722  0
0.5985 0.46635  0
0.5995 0.465979  0
0.6005 0.465609  0
0.6015 0.465239  0
0.6025 0.464871  0
0.6035 0.464503  0
0.6045 0.464136  0
0.6055 0.46377  0
0.6065 0.463404  0
0.6075 0.463039  0
0.6085 0.462674  0
0.6095 0.462309  0
0.6105 0.461945  0
0.6115 0.461582  0
0.6125 0.46122  0
0.6135 0.460859  0
0.6145 0.460498  0
0.6155 0.460139  0
0.6165 0.459781  0
0.6175 0.459424  0
0.6185 0.459069  0
0.6195 0.458716  0
0.6205 0.458364  0
0.6215 0.458016  0
0.6225 0.45767  0
0.6235 0.457329  0
0.6245 0.456993  0
0.6255 0.456665  0
0.6265 0.456346  0
0.6275 0.456037  0
0.6285 0.455738  0
0.6295 0.455447  0
0.6305 0.455166  0
0.6315 0.454896  0
0.6325 0.454635  0
0.6335 0.454382  0
0.6345 0.454133  0
0.6355 0.453885  0
0.6365 0.45364  0
0.6375 0.453399  0
0.6385 0.453166  0
0.6395 0.452948  0
0.6405 0.45274  0
0.6415 0.452535  0
0.6425 0.452192  0
0.6435 0.451142  0
0.6445 0.448098  0
0.6455 0.437454  0
0.6465 0.391743  0
0.6475 0.123304  0
0.6485 2.05805e-70  0
0.6495 1.02297e-138  0
0.6505 8.43606e-276  0
0.6515 0  0
0.6525 0  0
0.6535 0  0
0.6545 0  0
0.6555 0  0
0.6565 0  0
0.6575 0  0
0.6585 0  0
0.6595 0  0
0.6605 0  0
0.6615 0  0
0.6625 0  0
0.6635 0  0
0.6645 0  0
0.6655 0  0
0.6665 0  0
0.6675 0  0
0.6685 0  0
0.6695 0  0
0.6705 0  0
0.6715 0  0
0.6725 0  0
0.6735 0  0
0.6745 0  0
0.6755 0  0
0.6765 0  0
0.6775 0  0
0.6785 0  0
0.6795 0  0
0.6805 0  0
0.6815 0  0
0.6825 0  0
0.6835 0  0
0.6845 0  0
0.6855 0  0
0.6865 0  0
0.6875 0  0
0.6885 0  0
0.6895 0  0
0.6905 0  0
0.6915 0  0
0.6925 0  0
0.6935 0  0
0.6945 0  0
0.6955 0  0
0.6965 0  0
0.6975 0  0
0.6985 0  0
0.6995 0  0
0.7005 0  0
0.7015 0  0
0.7025 0  0
0.7035 0  0
0.7045 0  0
0.7055 0  0
0.7065 0  0
0.7075 0  0
0.7085 0  0
0.7095 0  0
0.7105 0  0
0.7115 0  0
0.7125 0  0
0.7135 0  0
0.7145 0  0
0.7155 0  0
0.7165 0  0
0.7175 0  0
0.7185 0  0
0.7195 0  0
0.7205 0  0
0.7215 0  0
0.7225 0  0
0.7235 0  0
0.7245 0  0
0.7255 0  0
0.7265 0  0
0.7275 0  0
0.7285 0  0
0.7295 0  0
0.7305 0  0
0.7315 0  0
0.7325 0  0
0.7335 0  0
0.7345 0  0
0.7355 0  0
0.7365 0  0
0.7375 0  0
0.7385 0  0
0.7395 0  0
0.7405 0  0
0.7415 0  0
0.7425 0  0
0.7435 0  0
0.7445 0  0
0.7455 0  0
0.7465 0  0
0.7475 0  0
0.7485 0  0
0.7495 0  0
0.7505 0  0
0.7515 0  0
0.7525 0  0
0.7535 0  0
0.7545 0  0
0.7555 0  0
0.7565 0  0
0.7575 0  0
0.7585 0  0
0.7595 0  0
0.7605 0  0
0.7615 0  0
0.7625 0  0
0.7635 0  0
0.7645 0  0
0.7655 0  0
0.7665 0  0
0.7675 0  0
0.7685 0  0
0.7695 0  0
0.7705 0  0
0.7715 0  0
0.7725 0  0
0.7735 0  0
0.7745 0  0
0.7755 0  0
0.7765 0  0
0.7775 0  0
0.7785 0  0
0.7795 0  0
0.7805 0  0
0.7815 0  0
0.7825 0  0
0.7835 0  0
0.7845 0  0
0.7855 0  0
0.7865 0  0
0.7875 0  0
0.7885 0  0
0.7895 0  0
0.7905 0  0
0.7915 0  0
0.7925 0  0
0.7935 0  0
0.7945 0  0
0.7955 0  0
0.7965 0  0
0.7975 0  0
0.7985 0  0
0.7995 0  0
0.8005 0  0
0.8015 0  0
0.8025 0  0
0.8035 0  0
0.8045 0  0
0.8055 0  0
0.8065 0  0
0.8075 0  0
0.8085 0  0
0.8095 0  0
0.8105 0  0
0.8115 0  0
0.8125 0  0
0.8135 0  0
0.8145 0  0
0.8155 0  0
0.8165 0  0
0.8175 0  0
0.8185 0  0
0.8195 0  0
0.8205 0  0
0.8215 0  0
0.8225 0  0
0.8235 0  0
0.8245 0  0
0.8255 0  0
0.8265 0  0
0.8275 0  0
0.8285 0  0
0.8295 0  0
0.8305 0  0
0.8315 0  0
0.8325 0  0
0.8335 0  0
0.8345 0  0
0.8355 0  0
0.8365 0  0
0.8375 0  0
0.8385 0  0
0.8395 0  0
0.8405 0  0
0.8415 0  0
0.8425 0  0
0.8435 0  0
0.8445 0  0
0.8455 0  0
0.8465 0  0
0.8475 0  0
0.8485 0  0
0.8495 0  0
0.8505 0  0
0.8515 0  0
0.8525 0  0
0.8535 0  0
0.8545 0  0
0.8555 0  0
0.8565 0  0
0.8575 0  0
0.8585 0  0
0.8595 0  0
0.8605 0  0
0.8615 0  0
0.8625 0  0
0.8635 0  0
0.8645 0  0
0.8655 0  0
0.8665 0  0
0.8675 0  0
0.8685 0  0
0.8695 0  0
0.8705 0  0
0.8715 0  0
0.8725 0  0
0.8735 0  0
0.8745 0  0
0.8755 0  0
0.8765 0  0
0.8775 0  0
0.8785 0  0
0.8795 0  0
0.8805 0  0
0.8815 0  0
0.8825 0  0
0.8835 0  0
0.8845 0  0
0.8855 0  0
0.8865 0  0
0.8875 0  0
0.8885 0  0
0.8895 0  0
0.8905 0  0
0.8915 0  0
0.8925 0  0
0.8935 0  0
0.8945 0  0
0.8955 0  0
0.8965 0  0
0.8975 0  0
0.8985 0  0
0.8995 0  0
0.9005 0  0
0.9015 0  0
0.9025 0  0
0.9035 0  0
0.9045 0  0
0.9055 0  0
0.9065 0  0
0.9075 0  0
0.9085 0  0
0.9095 0  0
0.9105 0  0
0.9115 0  0
0.9125 0  0
0.9135 0  0
0.9145 0  0
0.9155 0  0
0.9165 0  0
0.9175 0  0
0.9185 0  0
0.9195 0  0
0.9205 0  0
0.9215 0  0
0.9225 0  0
0.9235 0  0
0.9245 0  0
0.9255 0  0
0.9265 0  0
0.9275 0  0
0.9285 0  0
0.9295 0  0
0.9305 0  0
0.9315 0  0
0.9325 0  0
0.9335 0  0
0.9345 0  0
0.9355 0  0
0.9365 0  0
0.9375 0  0
0.9385 0  0
0.9395 0  0
0.9405 0  0
0.9415 0  0
0.9425 0  0
0.9435 0  0
0.9445 0  0
0.9455 0  0
0.9465 0  0
0.9475 0  0
0.9485 0  0
0.9495 0  0
0.9505 0  0
0.9515 0  0
0.9525 0  0
0.9535 0  0
0.9545 0  0
0.9555 0  0
0.9565 0  0
0.9575 0  0
0.9585 0  0
0.9595 0  0
0.9605 0  0
0.9615 0  0
0.9625 0  0
0.9635 0  0
0.9645 0  0
0.9655 0  0
0.9665 0  0
0.9675 0  0
0.9685 0  0
0.9695 0  0
0.9705 0  0
0.9715 0  0
0.9725 0  0
0.9735 0  0
0.9745 0  0
0.9755 0  0
0.9765 0  0
0.9775 0  0
0.9785 0  0
0.9795 0  0
0.9805 0  0
0.9815 0  0
0.9825 0  0
0.9835 0  0
0.9845 0  0
0.9855 0  0
0.9865 0  0
0.9875 0  0
0.9885 0  0
0.9895 0  0
0.9905 0  0
0.9915 0  0
0.9925 0  0
0.9935 0  0
0.9945 0  0
0.9955 0  0
0.9965 0  0
0.9975 0  0
0.9985 0  0
0.9995 0  0
